$ANSIBLE_VAULT;1.1;AES256
62653935383863653236663931376163643066373135616337633937626232363734373635626232
6361313863656432373535623965383865616531393236300a383231333962313633336130333338
39366635663739616230323764643662363436353838386664323830353134393766613064333362
3633653662646635620a353138333964313434626331306435363930346661396164623538353961
66303730653661646336386265636363636334363536363336616637316461653537613234636630
62623738393261333938386166663835373439323665343037666161663565653235663862326339
39626537376134656365383361616435333531303835343062353431376333633961393539383930
66303034393166333137656431366236633965333566343433626334366136396634633861386334
31353838376435646363343863376562396563333233396330333336393263336564643236633139
38323366306632656136393831326462353863663864376533373632363238663766313930323134
39663762336438376335653464633963363366376363633537656337346164353839356630666132
65643034336535373735353463313961383163366663653066316238653438633438333439386630
62383536363565373639623633356137343535316364663131366333663932313439666538353064
30666164383530646263303564346363663232373437363838663964393761333165393732656565
62373233613563353836303566636537643434346635386265316164313661643831313363376134
63663135346632656631
