$ANSIBLE_VAULT;1.1;AES256
35313138656261373730633233353830396432383832356633653064323663663662346136353533
3636366536616637396435613236343363333930393433650a666433366362346338363666633634
39323961646536366362306331373335343061373162613963616163326462663332346665346464
3562616166646164650a373733613334376165343836303462333338633736386133353133663632
38663735333764636336656535386339346263353032353636366634356530363661336166303762
37386664386336663664613264326664623634306231366461326263383530666536386463363837
34373566646231393333663133623432393061616561616636376130363235306632653063626465
32343564656636383534313761623565366664353630666539356533646231316438353462373936
65613239323966356362663136303138653336373032636635353366303562653866333331633239
37386265643564656564343234323331333236316466313937633537393862353437363764303865
31383137306464373731396634363638303966373539616664666661383338353864323161636337
36386363393533626665643930383039653338653235393733353365653531623233663864306236
36333530626330353239313634623862356530633866376534396465303565316264306563336134
32663136623236333832636536623665393632613830613731613131353761653437353835633630
33386132666232366139623536386637353732626138656334346530616236633230366133626332
63613430643937656332386630663435656338393436323632653564323662626630393734363365
33616639303539393761343664356530343461386365393964383436366164343838633065663661
35313862643236316338643263366563316165343438623034376266633735626463613366626237
34633263666637313031636530323134343738653338623738353165336231613437363664306537
63633631353735356339366361346234363334353736333232623465633462656338646539666530
39636166663232373561643635346636386532646336643435613765373636636462353164653838
35643434653638373865613066376134663038653733306566393439343666623664646635643664
39303034386638386133366565643331313036623966383833663962646464613135346137666630
64633336346634633730326266306236373130656532663366333562666532306264663234656330
32633066383161353732313266373666383735373933303131316662303533343365316436386538
35326331633566626239666532616132373031303831363033623135396536373962646135366335
64653839616463653035353335636666356533323265313836343635653135636636383066386463
36636331623365326337336231353339646238393138373466356566353261643435646564393863
36643862396635363035646434353431386339303835643363323561623466363364333837633164
62616333383862663034343466353662303639316537343262643133313739633332303036623037
64623734333237666566613338633664336330343832313330616233363130313761316462613738
63633839653832613766346361383236663035323831333131333432353639656632353239313431
30623139643265663737623835306332663730376238393830383530373538376133323638323562
38646634336330303334366264336262393933653836303936633364333266366334666437643266
32303538353633646232333466636430396232326437353362333138623033363462383763663664
37323632336566393632623765383933646335366436346665376665626536643761383333666562
34653661636233663231316337633763653663656130613362353565323931393239396233396564
39643937373530383864653537656337616637323731363566666639303633376531376261336239
32613935623765613137343036656161376634386237653232373964666332666132633737326635
61306131306464636531363535663235663564393561326662623964343034363665316265376235
62393134623965656434623066666631383062626366343933303364376263623862653462303465
37303634366364373262323631316634336637326630353231366432613931346262346364343836
36316131656637373339373332326336356166396230616631336636356336633732653664396539
61636430336233633165353066303635303838633261643563616338613964343231623061346265
62386664313332623734323165656132343433336239396234666639333231653339323137376662
31633139303565636262363737383963356663616638623736646566323337363634346262393239
30393535653465383635623065613636613262333535663939366536613830356266373933613632
35366362616565643233343562333566633062356634343062333033376536316130646361323961
61383532363534626634353163646161376237303939323362303231643764343733313133336265
36373163363262623961333738663534396139383631616237303637616131616566653234666335
61656139646564643839333739303465303861346331653431353737623534653637653137326137
36336463363831346132386137633630353532666166663764633731366436306561313962663135
32326233333861353834376131303938323332363962383066336431643930353834383436383664
65666165633433366130383038643331353337623531663665633535356132613762333237313838
37396239336166343961306564353136663234356362343535386461396362313937393339656563
37333539313564323935643335303663663434333136663964663937396465303636616639383730
62613832393061336638656432326631336532376332373866616265333865636231303565373664
31313537306464326664336631623030393832653762333438643862373230643836323963346635
36663364383663336538613330303265633939306331396536626433373533353066373631613861
30643765353037646262343936623962666666306238376639636561633537393433333031613864
30626163663833386262393333633761653837393636643365353061643235313632616133323338
65373839663432336636643936636565633835336466346230333331656334346638323666316634
32313062356138616530316433613633643764666433616364333662623435333065393337303033
36376539356161363437383863333663373435376364383262626239323234636333366535666135
63653538656132313836663836306535343031613532396664393464663164616135353936626239
66343234343334336565653064656433383537376263303136376664656133363433386663343666
62636365366362643262343339353631316665346465386433366536643137396662376261373863
61366339316163333138643735353364656663376236373239313364316632663661303337663063
38376330643166646363663762396366653865313530313065646234643263386262643866306165
32383339306531633764666564313137386165376134336336363031316234623633396363343533
62626331303635613330376533333435663932623537373833303462626439396339616661663931
63666164336534343331623564326435636663383231373930336535643462393532666465333132
65656562303335373863333166633835666364373562636564383363623033323661366134636531
39666637663865616435303437663939613033306463326433613863383264373336646639333761
64326334636538616334393531333838646466613631386633643533343864343166313338623366
38623832623535303132633561366334393831383038656330356432643461356133636264326663
31333765366139346637376331623466303664343365613264353933646334363133666563376439
33323466386364363962316235633133356535303466316531393232363761623065323234643834
34313363343638306664303233643465313039646239376234323835303766626662376636653639
65316261653138656536643036623363633331626436383131653666623131626235633539353761
66383334373763623030623437303135373061343563353963646561613132616663626266363033
33373632653930653133323839343134636266353063313430663438646237633037653130376135
66613166366339636162393838613962343333623666316534313766366631346630326666343534
64626263363639313734353038633761373765356161636666323339333532653839653266306663
66393735616232656336366233386261336433323435353539306665666635376434323530626135
32636361366532643939356337393962366666663635643664663637653965323966663736393262
37623065623862666136626665383863613766663136353530353033626561653839633234376536
35373030643962333630373038373835613537313934363031386162626237623133643933303234
33333539326134623966346635623165333063613962623639386564313439346238663632336630
64613166326463646330343931646333323065623664313436653462633964303432373163656564
31623532613839323532383865633532316534616561313338393264383332323166303734613133
38373538323936363261623831313732356437633166353038623562363339646533613563316233
39346430353631333962626164666535303332646631363761633637353066333635393733613437
33303935346631646663653932313037376437613337383863396434663861656237373937313030
63373337343333373765633635666265613236343638316437653831613237326163643933303937
38373735303165656232313236633433303731303564313564396665323132623739356330316664
65363365303562363030653364383539636263633862393465373736653462346637323031316333
37643832363931343932653538626265613666373965343761646333643461323239336333633361
30376461663233356333303963303133643930646235336365623130636165363162363362633332
62613638663230383563386538646633376662343633333432313265356661633966386236356534
65396634633661663936656365373630336530333537326434666165376562383064633165363362
63303731656666613830363131366138333637666463373936613432396237666664333133363233
62353339323234323835363963313466366639333366333039303639663162346637633731316133
34363937666434643231393234383032353964313665313239386331323464383133386534303330
63636139336165373664656264323338393730636235373432346561663265636163383136306564
30343435616638306363373066333731646665666533646434656334396630363239663636633431
64353030383433303233613636623033336662623233613065373230643731343035393966643333
38616138646438316435636531326666363933663063333034646432386365663537393961313836
31623831646132613637633661653831386534623937643038333434343361663065656661626532
64613836323330363962633332396133333935363636653665383666653235363633303530346664
38353739623332353332356563633762383666623838353465636434663831376531333363646336
34373665353564623262633239313537303737613138643039313733626438326330626532376161
34373564336430313435306362656139373130373864666232613664303636333536313962636462
63353134386137623562383237336362343366666534383861623131636334303435333636666634
66326538386366356531623966653964663265663530336338353130646562313766643966323536
61666663396461666430363732623866623966303839393035646265363034656133376637643762
37376561333833626134303461656564343761666637346263316132303132353734663831343362
63666366616231633665646235303433666437623130396365363362663037393363303334626235
61616232653935613135626466636163663337623035313165303435353766396230356138326162
63656639373162366230316138633166303437366465383965626535663761376339366434336561
31323831396331393731343937333432313832393237363633626364353339326136336164633632
34653933306163303434626238373161626561363163303262383835336231623432386637613638
35636430333061343836666132316239663763356161303237343062613866306630626662353230
37666330633136373536333337336263333363373635363463393964336638396164386666336638
62333037613332613034323664356139636130663962666537636665326134613834386565356266
64623562373738373235653262356638323833633861343364613738353662653235353638623862
31353032333565656535666361373530386162643037333261666132336239353235313437333332
66663130303664353765613864316139366536613466643230313061333635323639383439646463
39373365363262653639616562643761373138656338616464393730323237313064306464633734
33376639383733343662643664353034303163323933313163386430616530393736636666383738
35383135343636386565626463353364636666326634646166656530623065323031653435373731
33363334383263393062653635326264306237333130636363396237623237313539623636633437
61383033373536653863646162653662303663333531366637643934323534666164643133333231
38343539363930663831636666346366643533623134363332663932313131626337313131313465
31366331633061343862616366313665356239326339373465626432363032313863346262373563
61613035623561666237303538353961386161393332326465623064663238343436346464623661
61313837306539666566646561326563316365616363393432393139366537316430383434323832
63376439323661636639336534316635313638353962633163353631393835626465363563323363
64386137643238353237363837663934613834663133646439653039353939393832336539363963
31373932333862343731383161346666653730336665633263663962316332393934386566636236
63396565383066343137653631663535626161336634363737336365643839666536396365396336
61333638343364366363613866653866613438623435363736653530623861353439396162633138
61663961663766613739316339313735626632633538626231393661346265626335343734653538
61636664643435383237663564316666336237393064656330613930326164303835636463653733
65393763396262353634356630616264313833663433383538356539323137313831343632633735
66666563623562656631663738326539373933656339623662336261616634646661616332393637
66613434363537663638633335366362366465663332363933616364306637643531356135376663
66373939396132306336316165373233653764393435333262376538356234656638386336653034
65343432306333663936396430353333366136333138323636326262666166643834623063356565
66353938356436333533643530613435646632386139666530623135643465303131613234613632
35636132346663333539333565643261636530343163623465383964616462353339373461316635
38623064303035323739613933353330663066633733373935643639633062616332346636313533
39343930653438393134306664376337373339666662363031343463326438343365376265623030
32333239353337363533363532396465623639643738393636633465333330346564336539376131
62316163636334653665623337336230623163333830343865623965353766383732326265333062
37353765666465626663366239333332346435663834373461363334613932323166343534626633
62383938396637636632303665656638356562613735393331643735316530356432353234363365
35306633653830346563313937656337653566623137653161353732656663353066393366613164
30333335633130396637353231643538343366336361353935626536323233623063376165366632
37643938336238393837613538303961356436313032663863656239316138363263346432323936
65386636636532656263356265376564343031393535633361633162393866373964373836356131
39343765303631393239616131316436373336646638373831383234306231346138353230373462
63313266373238633161353464366266636631396464626535636665326432373264363136346439
34383361366266353032313066383361626263346438303166666536353266353638666231333030
30343332316438306438333636343566316263316134653363373736373962353065316634323633
64323539376237656430313337623265333665646166363333353434363562633635376137333638
65393862666539626361306536353237613062616166336536336133303030663238363132363362
34633635343738653534613031623438323738383861373835363533666133666238396530326137
34386364396631613766353736613262633735333533643964613830653562643637363031323863
35336634326435376465333537323034363739313632353230393433343636343564363665326463
62313063383364376337653266313232383138336537643839303030383534386130643464643763
62323233383638336233656261336235383431623234356366383763663663663535653032366135
63643930613236616661323833393061313538363666373762633663643066383038613066376438
33653530623764306561643864313362333863353962636361623665303863343431616436306439
663663366466353564326466343933623234
