$ANSIBLE_VAULT;1.1;AES256
62373138666135613232346232336161663966353738373061363465353335666530333763633436
6530373064303738363435333533666435343266313363650a616231653534313237393039323931
30363338386538646234366330613730623032313339386139366263633433396665336139643131
3236393034643434350a303831343537653730366335363166393462656237626631616430666533
35313030383238376364393064326562336132653230663132363033376630616163353531373863
64316563613135386232333638616164623135663430373630636561646437323961303532373537
36356238623433383862666262373936616162396562646636666637656531396462343432313733
65323066656566333137336634316631613262343061363934353630646363373066626133666534
66333330636535306232333032643736616361346436376634333866626665636136326639633865
39663333616163366662386564393136326632363530653064373230653466396335316137356362
38323733393963303939346535373962666135356338366639353263393363663662396339343530
38343166316433333130336636326534623666393462376633376330386432356663323531346664
31366633313162316561633134623334643636646461323733356132336638393066396439356463
63313233643734306134316432303431663739303965613439346233346436316234633161306362
61353132303035383934353266633236363436383032353336363366653265303832613766643866
31653338613166363332326136623862633736623736353737643265646463333038353239613931
63323639313762656663353761613536653663376234333539303631373730636166666464386462
62383262396437373266376461313337303136313533633137613330626539663562306137656163
33383732376637306463306130633364646438313139346534353534373834303038303637636138
35323534643866626135623633306561613932646334313634333764643331363438643635303336
61363939636134366166353738333434616533653734363863383437356133323664306333383264
64303263336639386463313132356661653136343338666666633136613564303531333030666533
62366436373034356138313638663934626132643538643433303731373130373438373831623438
30326130653466363561
